4243767290,0
4294967294,41
4294967294,76
4294967294,52
4294967294,388
4294967294,387
4243767290,3
4243767290,2
4294967294,1023
4294967294,163
4294967278,313
4294967278,312
4294967279,309
4294967278,187
4294967279,308
4294967278,186
4294967279,307
4294967278,311
4294967278,310
4294967279,306
4294967278,183
4294967279,305
4294967278,309
4294967278,308
4294967279,304
4294967278,180
4294967278,307
4294967279,303
4294967294,80
4294967294,974
4294967294,972
4294967294,88
4294967294,1028
4294967294,978
4294967278,178
4294967294,83
4294967294,18
4294967294,14
4294967294,20
4294967294,99
4294967294,98
4294967294,92
4294967294,464
4294967294,404
4294967294,451
4294967278,177
4294967278,176
4294967294,109
4294967294,115
4294967294,119
4294967294,116
4294967294,162
4294967294,112
4294967294,457
4294967294,184
4294967294,180
4294967294,175
4294967294,468
4294967294,164
4294967294,467
4294967294,176
4294967294,986
4294967294,1032
4294967294,1029
4294967294,983
4294967294,595
4294967278,175
6,4
4294967278,173
6,3
6,2
6,1
4294967278,306
4294967278,260
4294967278,0
4294967294,187
4294967294,476
4294967278,172
4294967294,1021
4294967294,475
4294967278,170
4294967278,171
4294967278,305
4294967278,304
5,5
4294967278,169
5,4
4294967278,168
5,3
5,2
5,1
4294967278,303
4294967278,167
4294967294,1031
4294967294,1035
4294967294,173
4294967294,170
4294967279,302
4294967278,302
4294967279,301
4294967279,300
4294967279,260
4294967279,0
4294967278,301
4294967278,164
4294967294,185
4294967294,182
4294967294,474
4294967278,161
4294967278,162
4294967278,300
4294967278,299
4,5
4294967278,160
4,4
4294967278,159
4,3
4,2
4,1
4294967278,298
4294967278,158
4294967279,299
4294967278,297
4294967279,298
4294967278,296
4294967278,155
4294967294,46
4294967294,473
4294967278,152
4294967278,153
4294967278,295
4294967278,294
3,5
4294967278,151
3,4
3,3
3,2
3,1
4294967278,293
4294967279,297
4294967294,975
4294967278,292
4294967279,296
4294967294,9
4294967279,295
4294967278,291
4294967294,425
4294967294,967
4294967294,965
4294967294,963
4294967294,962
4294967294,55
4294967294,57
4294967294,582
4294967294,453
4294967294,988
4294967294,390
4294967294,81
4294967294,471
4294967294,2
4294967294,0
4294967278,290
2,5
4294967294,22
4294967294,7
4294967294,6
4294967294,94
4294967294,93
4294967294,96
2,4
2,3
2,2
2,1
4294967294,1
4294967294,8
0,7
4294967294,437
4294967294,428
4294967294,1019
4294967294,411
4294967294,28
4294967294,991
4294967294,90
4294967294,86
4294967294,84
4294967294,61
4294967294,1030
4294967294,1027
4294967294,1025
4294967294,985
4294967294,980
4294967294,977
4294967294,976
4294967294,970
4294967294,961
4294967294,11
4294967278,132
4294967278,131
4294967278,130
4294967278,129
4294967278,128
4294967278,127
4294967278,126
4294967278,125
4294967278,124
4294967278,123
4294967278,122
4294967278,121
4294967278,120
4294967278,119
4294967278,118
4294967278,117
4294967278,116
4294967278,115
4294967278,114
4294967278,113
4294967278,112
4294967278,111
4294967278,110
4294967278,109
4294967278,108
4294967278,107
4294967278,106
4294967278,105
4294967278,104
4294967278,103
4294967278,102
4294967278,101
4294967278,100
4294967278,99
4294967278,98
4294967278,97
4294967278,96
4294967278,95
4294967278,94
4294967278,93
4294967278,92
4294967278,91
4294967278,90
4294967278,89
4294967278,87
4294967278,86
4294967278,85
4294967278,84
4294967278,83
4294967278,82
4294967278,81
4294967278,80
4294967278,79
4294967278,78
4294967278,77
4294967278,76
4294967278,75
4294967278,74
4294967278,73
4294967278,72
4294967278,71
4294967278,70
4294967278,69
4294967278,68
4294967278,67
4294967278,66
4294967278,65
4294967278,64
4294967278,63
4294967278,62
4294967278,61
4294967278,60
4294967278,59
4294967278,58
4294967278,57
4294967278,56
4294967278,55
4294967278,54
4294967278,53
4294967278,52
4294967278,51
4294967278,50
4294967278,49
4294967278,48
4294967278,47
4294967278,46
4294967278,45
4294967278,44
4294967278,43
4294967278,42
4294967278,41
4294967278,40
4294967278,39
4294967278,38
4294967278,37
4294967279,26
4294967279,23
4294967279,20
4294967279,19
4294967279,18
4294967279,14
4294967279,13
4294967279,12
4294967279,10
4294967279,9
4294967279,8
4294967279,7
4294967279,6
4294967279,5
4294967279,278
4294967279,4
4294967294,416
4294967294,448
4294967294,450
4294967294,391
4294967294,386
4294967294,403
4294967294,402
4294967294,400
4294967294,410
4294967294,5
0,5
4294967294,69
4294967294,427
4294967294,127
4294967294,126
4294967294,13
4294967294,981
4294967294,1089
4294967294,1088
4294967294,1015
4294967294,1012
4294967294,1007
4294967294,1005
4294967294,1002
4294967294,1011
4294967294,1009
4294967294,1008
4294967294,1003
4294967294,1000
4294967294,999
4294967294,998
4294967294,997
4294967294,992
4294967294,969
4294967294,964
4294967294,60
4294967294,463
4294967294,462
4294967294,461
4294967294,460
